lat lon h T erreur_T
46.792462 4.207075 394.086200 -0.634714 0.100000
46.740621 1.256771 151.079273 1.646216 0.100000
46.737585 2.260502 237.598417 2.256209 0.100000
46.734084 1.734982 218.371000 1.435404 0.100000
46.272033 4.273136 410.527667 -0.839715 0.100000
46.269585 2.249599 516.040200 -1.498949 0.100000
45.737593 4.266999 414.202733 -0.292518 0.100000
45.735284 2.710918 969.524000 -1.050859 0.100000
45.725443 2.214778 815.324000 -0.455440 0.100000
45.283297 3.276582 752.505500 1.132159 0.100000
45.274834 3.731614 1121.186667 0.488443 0.100000
45.265187 1.264158 299.482333 2.944090 0.100000
45.263387 2.740530 1074.998000 -0.822871 0.100000
45.263356 2.212578 567.915000 -0.180125 0.100000
45.261017 1.735328 374.214333 0.911333 0.100000
45.260502 4.809899 192.458333 1.463570 0.100000
45.259796 4.267235 878.090500 -0.440016 0.100000
44.733665 2.206903 443.407933 -1.709898 0.100000
44.732346 4.261022 705.655400 -0.881715 0.100000
44.729990 1.734779 379.131778 1.817289 0.100000
44.729828 3.737712 1092.685000 -3.580731 0.100000
44.293464 4.272404 199.764000 1.929210 0.100000
44.284561 3.731883 1016.326833 -2.856468 0.100000
44.261933 3.264486 958.352615 -2.009743 0.100000
43.742992 1.737514 182.426667 2.609584 0.100000
43.742347 3.728369 275.872455 0.693249 0.100000
43.736498 1.252183 174.558667 1.667823 0.100000
43.735037 3.280207 380.961000 -1.675177 0.100000
43.729621 4.733100 88.119909 2.612272 0.100000
43.228275 3.246059 55.036000 2.325318 0.100000
43.215489 1.223039 284.325500 1.247149 0.100000
43.214938 1.738900 320.542667 -0.813795 0.100000
43.212083 2.252055 219.932000 -1.133111 0.100000
