<== Header
Lat (deg) / Lon (deg) / h(m) / T (m2/s2) / err T / dg (mGal) / err dg
==>
4.20707501 46.79246210 394.08620000 -0.63471422 0.10000000 -1.96760928 1.00000000
1.25677065 46.74062148 151.07927273 1.64621589 0.10000000 6.14416147 1.00000000
2.26050232 46.73758464 237.59841667 2.25620941 0.10000000 15.46379171 1.00000000
1.73498197 46.73408441 218.37100000 1.43540375 0.10000000 8.04068205 1.00000000
4.27313624 46.27203337 410.52766667 -0.83971477 0.10000000 -1.90013094 1.00000000
2.24959942 46.26958457 516.04020000 -1.49894923 0.10000000 -14.17625592 1.00000000
4.26699859 45.73759335 414.20273333 -0.29251776 0.10000000 -8.39809171 1.00000000
2.71091763 45.73528432 969.52400000 -1.05085893 0.10000000 -3.10423909 1.00000000
2.21477825 45.72544260 815.32400000 -0.45543976 0.10000000 2.28196588 1.00000000
3.27658172 45.28329668 752.50550000 1.13215905 0.10000000 9.57404442 1.00000000
3.73161418 45.27483437 1121.18666667 0.48844285 0.10000000 3.82989131 1.00000000
1.26415782 45.26518716 299.48233333 2.94408978 0.10000000 13.74046836 1.00000000
2.74052982 45.26338650 1074.99800000 -0.82287066 0.10000000 -2.26729473 1.00000000
2.21257783 45.26335554 567.91500000 -0.18012479 0.10000000 4.06284445 1.00000000
1.73532797 45.26101676 374.21433333 0.91133296 0.10000000 2.02911013 1.00000000
4.80989863 45.26050203 192.45833333 1.46357001 0.10000000 -0.03055562 1.00000000
4.26723471 45.25979628 878.09050000 -0.44001558 0.10000000 -3.76393643 1.00000000
2.20690251 44.73366504 443.40793333 -1.70989766 0.10000000 -9.43488228 1.00000000
4.26102153 44.73234613 705.65540000 -0.88171498 0.10000000 -7.54259971 1.00000000
1.73477941 44.72999006 379.13177778 1.81728876 0.10000000 12.14606727 1.00000000
3.73771211 44.72982772 1092.68500000 -3.58073140 0.10000000 -7.69940532 1.00000000
4.27240445 44.29346423 199.76400000 1.92921001 0.10000000 6.72184705 1.00000000
3.73188292 44.28456127 1016.32683333 -2.85646792 0.10000000 -8.86066281 1.00000000
3.26448585 44.26193265 958.35261538 -2.00974297 0.10000000 -1.28610046 1.00000000
1.73751368 43.74299212 182.42666667 2.60958405 0.10000000 8.94158022 1.00000000
3.72836909 43.74234679 275.87245455 0.69324941 0.10000000 5.25999077 1.00000000
1.25218286 43.73649847 174.55866667 1.66782343 0.10000000 4.00568484 1.00000000
3.28020679 43.73503707 380.96100000 -1.67517660 0.10000000 -11.12056036 1.00000000
4.73310011 43.72962125 88.11990909 2.61227250 0.10000000 10.50438297 1.00000000
3.24605895 43.22827464 55.03600000 2.32531797 0.10000000 6.34367356 1.00000000
1.22303941 43.21548854 284.32550000 1.24714870 0.10000000 -3.38335717 1.00000000
1.73890016 43.21493824 320.54266667 -0.81379479 0.10000000 -2.43812985 1.00000000
2.25205480 43.21208250 219.93200000 -1.13311108 0.10000000 -7.29438461 1.00000000
