lat lon h
47.000000 1.000000 141.000000
47.000000 1.087573 124.000000
47.000000 1.175146 96.000000
47.000000 1.262719 146.000000
47.000000 1.350292 182.000000
47.000000 1.437865 133.000000
47.000000 1.525438 143.000000
47.000000 1.613011 148.000000
47.000000 1.700584 168.000000
47.000000 1.788157 194.000000
47.000000 1.875730 176.000000
47.000000 1.963303 140.000000
47.000000 2.050876 141.000000
47.000000 2.138449 159.000000
47.000000 2.226022 123.000000
47.000000 2.313595 163.000000
47.000000 2.401168 167.000000
47.000000 2.488741 152.000000
47.000000 2.576314 153.000000
47.000000 2.663887 186.000000
47.000000 2.751460 184.000000
47.000000 2.839033 210.000000
47.000000 2.926606 187.000000
47.000000 3.014178 201.000000
47.000000 3.101751 184.000000
47.000000 3.189324 177.000000
47.000000 3.276897 238.000000
47.000000 3.364470 251.000000
47.000000 3.452043 257.000000
47.000000 3.539616 243.000000
47.000000 3.627189 267.000000
47.000000 3.714762 213.000000
47.000000 3.802335 250.000000
47.000000 3.889908 390.000000
47.000000 3.977481 610.000000
47.000000 4.065054 765.000000
47.000000 4.152627 547.000000
47.000000 4.240200 312.000000
47.000000 4.327773 335.000000
47.000000 4.415346 335.000000
47.000000 4.502919 339.000000
47.000000 4.590492 405.000000
47.000000 4.678065 531.000000
47.000000 4.765638 337.000000
47.000000 4.853211 208.000000
47.000000 4.940784 185.000000
46.912427 1.000000 124.000000
46.912427 1.087573 128.000000
46.912427 1.175146 132.000000
46.912427 1.262719 107.000000
46.912427 1.350292 158.000000
46.912427 1.437865 129.000000
46.912427 1.525438 158.000000
46.912427 1.613011 152.000000
46.912427 1.700584 168.000000
46.912427 1.788157 164.000000
46.912427 1.875730 148.000000
46.912427 1.963303 135.000000
46.912427 2.050876 159.000000
46.912427 2.138449 132.000000
46.912427 2.226022 164.000000
46.912427 2.313595 158.000000
46.912427 2.401168 179.000000
46.912427 2.488741 179.000000
46.912427 2.576314 177.000000
46.912427 2.663887 188.000000
46.912427 2.751460 179.000000
46.912427 2.839033 215.000000
46.912427 2.926606 184.000000
46.912427 3.014178 196.000000
46.912427 3.101751 226.000000
46.912427 3.189324 215.000000
46.912427 3.276897 184.000000
46.912427 3.364470 246.000000
46.912427 3.452043 254.000000
46.912427 3.539616 240.000000
46.912427 3.627189 235.000000
46.912427 3.714762 221.000000
46.912427 3.802335 235.000000
46.912427 3.889908 359.000000
46.912427 3.977481 531.000000
46.912427 4.065054 454.000000
46.912427 4.152627 358.000000
46.912427 4.240200 330.000000
46.912427 4.327773 560.000000
46.912427 4.415346 517.000000
46.912427 4.502919 426.000000
46.912427 4.590492 429.000000
46.912427 4.678065 283.000000
46.912427 4.765638 210.000000
46.912427 4.853211 205.000000
46.912427 4.940784 202.000000
46.824854 1.000000 129.000000
46.824854 1.087573 100.000000
46.824854 1.175146 95.000000
46.824854 1.262719 91.000000
46.824854 1.350292 110.000000
46.824854 1.437865 133.000000
46.824854 1.525438 128.000000
46.824854 1.613011 145.000000
46.824854 1.700584 143.000000
46.824854 1.788157 154.000000
46.824854 1.875730 157.000000
46.824854 1.963303 143.000000
46.824854 2.050876 175.000000
46.824854 2.138449 170.000000
46.824854 2.226022 155.000000
46.824854 2.313595 144.000000
46.824854 2.401168 157.000000
46.824854 2.488741 165.000000
46.824854 2.576314 169.000000
46.824854 2.663887 204.000000
46.824854 2.751460 197.000000
46.824854 2.839033 224.000000
46.824854 2.926606 207.000000
46.824854 3.014178 207.000000
46.824854 3.101751 192.000000
46.824854 3.189324 217.000000
46.824854 3.276897 212.000000
46.824854 3.364470 184.000000
46.824854 3.452043 192.000000
46.824854 3.539616 225.000000
46.824854 3.627189 223.000000
46.824854 3.714762 217.000000
46.824854 3.802335 231.000000
46.824854 3.889908 292.000000
46.824854 3.977481 323.000000
46.824854 4.065054 369.000000
46.824854 4.152627 285.000000
46.824854 4.240200 472.000000
46.824854 4.327773 356.000000
46.824854 4.415346 335.000000
46.824854 4.502919 424.000000
46.824854 4.590492 247.000000
46.824854 4.678065 379.000000
46.824854 4.765638 212.000000
46.824854 4.853211 186.000000
46.824854 4.940784 175.000000
46.737281 1.000000 86.000000
46.737281 1.087573 114.000000
46.737281 1.175146 95.000000
46.737281 1.262719 100.000000
46.737281 1.350292 122.000000
46.737281 1.437865 130.000000
46.737281 1.525438 140.000000
46.737281 1.613011 177.000000
46.737281 1.700584 182.000000
46.737281 1.788157 167.000000
46.737281 1.875730 177.000000
46.737281 1.963303 188.000000
46.737281 2.050876 196.000000
46.737281 2.138449 193.000000
46.737281 2.226022 188.000000
46.737281 2.313595 196.000000
46.737281 2.401168 192.000000
46.737281 2.488741 156.000000
46.737281 2.576314 200.000000
46.737281 2.663887 182.000000
46.737281 2.751460 223.000000
46.737281 2.839033 239.000000
46.737281 2.926606 221.000000
46.737281 3.014178 212.000000
46.737281 3.101751 186.000000
46.737281 3.189324 221.000000
46.737281 3.276897 241.000000
46.737281 3.364470 238.000000
46.737281 3.452043 232.000000
46.737281 3.539616 219.000000
46.737281 3.627189 198.000000
46.737281 3.714762 242.000000
46.737281 3.802335 237.000000
46.737281 3.889908 344.000000
46.737281 3.977481 321.000000
46.737281 4.065054 309.000000
46.737281 4.152627 419.000000
46.737281 4.240200 354.000000
46.737281 4.327773 306.000000
46.737281 4.415346 304.000000
46.737281 4.502919 324.000000
46.737281 4.590492 397.000000
46.737281 4.678065 371.000000
46.737281 4.765638 206.000000
46.737281 4.853211 184.000000
46.737281 4.940784 196.000000
46.649708 1.000000 130.000000
46.649708 1.087573 108.000000
46.649708 1.175146 110.000000
46.649708 1.262719 111.000000
46.649708 1.350292 131.000000
46.649708 1.437865 151.000000
46.649708 1.525438 160.000000
46.649708 1.613011 123.000000
46.649708 1.700584 171.000000
46.649708 1.788157 159.000000
46.649708 1.875730 209.000000
46.649708 1.963303 183.000000
46.649708 2.050876 205.000000
46.649708 2.138449 219.000000
46.649708 2.226022 228.000000
46.649708 2.313595 238.000000
46.649708 2.401168 216.000000
46.649708 2.488741 221.000000
46.649708 2.576314 160.000000
46.649708 2.663887 230.000000
46.649708 2.751460 259.000000
46.649708 2.839033 301.000000
46.649708 2.926606 234.000000
46.649708 3.014178 254.000000
46.649708 3.101751 240.000000
46.649708 3.189324 224.000000
46.649708 3.276897 231.000000
46.649708 3.364470 255.000000
46.649708 3.452043 231.000000
46.649708 3.539616 226.000000
46.649708 3.627189 230.000000
46.649708 3.714762 244.000000
46.649708 3.802335 263.000000
46.649708 3.889908 327.000000
46.649708 3.977481 380.000000
46.649708 4.065054 316.000000
46.649708 4.152627 336.000000
46.649708 4.240200 289.000000
46.649708 4.327773 291.000000
46.649708 4.415346 319.000000
46.649708 4.502919 448.000000
46.649708 4.590492 326.000000
46.649708 4.678065 287.000000
46.649708 4.765638 185.000000
46.649708 4.853211 195.000000
46.649708 4.940784 177.000000
46.562135 1.000000 106.000000
46.562135 1.087573 124.000000
46.562135 1.175146 121.000000
46.562135 1.262719 147.000000
46.562135 1.350292 160.000000
46.562135 1.437865 174.000000
46.562135 1.525438 171.000000
46.562135 1.613011 213.000000
46.562135 1.700584 232.000000
46.562135 1.788157 248.000000
46.562135 1.875730 244.000000
46.562135 1.963303 227.000000
46.562135 2.050876 237.000000
46.562135 2.138449 241.000000
46.562135 2.226022 249.000000
46.562135 2.313595 290.000000
46.562135 2.401168 302.000000
46.562135 2.488741 220.000000
46.562135 2.576314 182.000000
46.562135 2.663887 236.000000
46.562135 2.751460 382.000000
46.562135 2.839033 389.000000
46.562135 2.926606 310.000000
46.562135 3.014178 290.000000
46.562135 3.101751 234.000000
46.562135 3.189324 265.000000
46.562135 3.276897 241.000000
46.562135 3.364470 243.000000
46.562135 3.452043 265.000000
46.562135 3.539616 251.000000
46.562135 3.627189 233.000000
46.562135 3.714762 212.000000
46.562135 3.802335 302.000000
46.562135 3.889908 330.000000
46.562135 3.977481 303.000000
46.562135 4.065054 273.000000
46.562135 4.152627 260.000000
46.562135 4.240200 281.000000
46.562135 4.327773 363.000000
46.562135 4.415346 413.000000
46.562135 4.502919 294.000000
46.562135 4.590492 332.000000
46.562135 4.678065 208.000000
46.562135 4.765638 232.000000
46.562135 4.853211 249.000000
46.562135 4.940784 195.000000
46.474562 1.000000 122.000000
46.474562 1.087573 144.000000
46.474562 1.175146 147.000000
46.474562 1.262719 153.000000
46.474562 1.350292 209.000000
46.474562 1.437865 232.000000
46.474562 1.525438 273.000000
46.474562 1.613011 236.000000
46.474562 1.700584 316.000000
46.474562 1.788157 366.000000
46.474562 1.875730 346.000000
46.474562 1.963303 381.000000
46.474562 2.050876 302.000000
46.474562 2.138449 327.000000
46.474562 2.226022 436.000000
46.474562 2.313595 336.000000
46.474562 2.401168 387.000000
46.474562 2.488741 256.000000
46.474562 2.576314 227.000000
46.474562 2.663887 305.000000
46.474562 2.751460 229.000000
46.474562 2.839033 237.000000
46.474562 2.926606 278.000000
46.474562 3.014178 345.000000
46.474562 3.101751 404.000000
46.474562 3.189324 327.000000
46.474562 3.276897 268.000000
46.474562 3.364470 217.000000
46.474562 3.452043 269.000000
46.474562 3.539616 272.000000
46.474562 3.627189 244.000000
46.474562 3.714762 263.000000
46.474562 3.802335 268.000000
46.474562 3.889908 236.000000
46.474562 3.977481 226.000000
46.474562 4.065054 250.000000
46.474562 4.152627 281.000000
46.474562 4.240200 326.000000
46.474562 4.327773 285.000000
46.474562 4.415346 391.000000
46.474562 4.502919 332.000000
46.474562 4.590492 282.000000
46.474562 4.678065 225.000000
46.474562 4.765638 425.000000
46.474562 4.853211 203.000000
46.474562 4.940784 173.000000
46.386989 1.000000 183.000000
46.386989 1.087573 175.000000
46.386989 1.175146 160.000000
46.386989 1.262719 228.000000
46.386989 1.350292 238.000000
46.386989 1.437865 268.000000
46.386989 1.525438 301.000000
46.386989 1.613011 244.000000
46.386989 1.700584 265.000000
46.386989 1.788157 333.000000
46.386989 1.875730 363.000000
46.386989 1.963303 337.000000
46.386989 2.050876 377.000000
46.386989 2.138449 429.000000
46.386989 2.226022 458.000000
46.386989 2.313595 454.000000
46.386989 2.401168 384.000000
46.386989 2.488741 305.000000
46.386989 2.576314 210.000000
46.386989 2.663887 327.000000
46.386989 2.751460 306.000000
46.386989 2.839033 249.000000
46.386989 2.926606 369.000000
46.386989 3.014178 437.000000
46.386989 3.101751 443.000000
46.386989 3.189324 361.000000
46.386989 3.276897 256.000000
46.386989 3.364470 236.000000
46.386989 3.452043 286.000000
46.386989 3.539616 282.000000
46.386989 3.627189 268.000000
46.386989 3.714762 314.000000
46.386989 3.802335 278.000000
46.386989 3.889908 294.000000
46.386989 3.977481 238.000000
46.386989 4.065054 260.000000
46.386989 4.152627 329.000000
46.386989 4.240200 340.000000
46.386989 4.327773 329.000000
46.386989 4.415346 415.000000
46.386989 4.502919 382.000000
46.386989 4.590492 355.000000
46.386989 4.678065 388.000000
46.386989 4.765638 286.000000
46.386989 4.853211 205.000000
46.386989 4.940784 203.000000
46.299416 1.000000 222.000000
46.299416 1.087573 231.000000
46.299416 1.175146 217.000000
46.299416 1.262719 265.000000
46.299416 1.350292 277.000000
46.299416 1.437865 333.000000
46.299416 1.525438 330.000000
46.299416 1.613011 335.000000
46.299416 1.700584 343.000000
46.299416 1.788157 296.000000
46.299416 1.875730 419.000000
46.299416 1.963303 429.000000
46.299416 2.050876 469.000000
46.299416 2.138449 395.000000
46.299416 2.226022 525.000000
46.299416 2.313595 403.000000
46.299416 2.401168 462.000000
46.299416 2.488741 395.000000
46.299416 2.576314 308.000000
46.299416 2.663887 297.000000
46.299416 2.751460 363.000000
46.299416 2.839033 410.000000
46.299416 2.926606 457.000000
46.299416 3.014178 388.000000
46.299416 3.101751 363.000000
46.299416 3.189324 376.000000
46.299416 3.276897 265.000000
46.299416 3.364470 239.000000
46.299416 3.452043 272.000000
46.299416 3.539616 303.000000
46.299416 3.627189 317.000000
46.299416 3.714762 427.000000
46.299416 3.802335 385.000000
46.299416 3.889908 321.000000
46.299416 3.977481 281.000000
46.299416 4.065054 290.000000
46.299416 4.152627 362.000000
46.299416 4.240200 438.000000
46.299416 4.327773 396.000000
46.299416 4.415346 516.000000
46.299416 4.502919 550.000000
46.299416 4.590492 442.000000
46.299416 4.678065 434.000000
46.299416 4.765638 194.000000
46.299416 4.853211 171.000000
46.299416 4.940784 207.000000
46.211843 1.000000 246.000000
46.211843 1.087573 211.000000
46.211843 1.175146 218.000000
46.211843 1.262719 259.000000
46.211843 1.350292 316.000000
46.211843 1.437865 366.000000
46.211843 1.525438 391.000000
46.211843 1.613011 373.000000
46.211843 1.700584 439.000000
46.211843 1.788157 560.000000
46.211843 1.875730 349.000000
46.211843 1.963303 408.000000
46.211843 2.050876 492.000000
46.211843 2.138449 384.000000
46.211843 2.226022 379.000000
46.211843 2.313595 367.000000
46.211843 2.401168 405.000000
46.211843 2.488741 370.000000
46.211843 2.576314 486.000000
46.211843 2.663887 522.000000
46.211843 2.751460 532.000000
46.211843 2.839033 582.000000
46.211843 2.926606 484.000000
46.211843 3.014178 518.000000
46.211843 3.101751 309.000000
46.211843 3.189324 292.000000
46.211843 3.276897 277.000000
46.211843 3.364470 313.000000
46.211843 3.452043 286.000000
46.211843 3.539616 289.000000
46.211843 3.627189 320.000000
46.211843 3.714762 416.000000
46.211843 3.802335 419.000000
46.211843 3.889908 303.000000
46.211843 3.977481 300.000000
46.211843 4.065054 254.000000
46.211843 4.152627 359.000000
46.211843 4.240200 296.000000
46.211843 4.327773 398.000000
46.211843 4.415346 625.000000
46.211843 4.502919 686.000000
46.211843 4.590492 638.000000
46.211843 4.678065 361.000000
46.211843 4.765638 190.000000
46.211843 4.853211 210.000000
46.211843 4.940784 206.000000
46.124270 1.000000 231.000000
46.124270 1.087573 263.000000
46.124270 1.175146 265.000000
46.124270 1.262719 301.000000
46.124270 1.350292 310.000000
46.124270 1.437865 324.000000
46.124270 1.525438 397.000000
46.124270 1.613011 459.000000
46.124270 1.700584 419.000000
46.124270 1.788157 473.000000
46.124270 1.875730 658.000000
46.124270 1.963303 437.000000
46.124270 2.050876 432.000000
46.124270 2.138449 499.000000
46.124270 2.226022 430.000000
46.124270 2.313595 433.000000
46.124270 2.401168 498.000000
46.124270 2.488741 509.000000
46.124270 2.576314 510.000000
46.124270 2.663887 570.000000
46.124270 2.751460 624.000000
46.124270 2.839033 653.000000
46.124270 2.926606 564.000000
46.124270 3.014178 495.000000
46.124270 3.101751 306.000000
46.124270 3.189324 393.000000
46.124270 3.276897 321.000000
46.124270 3.364470 318.000000
46.124270 3.452043 311.000000
46.124270 3.539616 473.000000
46.124270 3.627189 482.000000
46.124270 3.714762 535.000000
46.124270 3.802335 825.000000
46.124270 3.889908 413.000000
46.124270 3.977481 321.000000
46.124270 4.065054 292.000000
46.124270 4.152627 318.000000
46.124270 4.240200 417.000000
46.124270 4.327773 658.000000
46.124270 4.415346 762.000000
46.124270 4.502919 712.000000
46.124270 4.590492 529.000000
46.124270 4.678065 207.000000
46.124270 4.765638 174.000000
46.124270 4.853211 239.000000
46.124270 4.940784 218.000000
46.036697 1.000000 367.000000
46.036697 1.087573 263.000000
46.036697 1.175146 318.000000
46.036697 1.262719 391.000000
46.036697 1.350292 394.000000
46.036697 1.437865 603.000000
46.036697 1.525438 575.000000
46.036697 1.613011 568.000000
46.036697 1.700584 437.000000
46.036697 1.788157 605.000000
46.036697 1.875730 603.000000
46.036697 1.963303 570.000000
46.036697 2.050876 517.000000
46.036697 2.138449 419.000000
46.036697 2.226022 538.000000
46.036697 2.313595 457.000000
46.036697 2.401168 616.000000
46.036697 2.488741 538.000000
46.036697 2.576314 496.000000
46.036697 2.663887 724.000000
46.036697 2.751460 666.000000
46.036697 2.839033 693.000000
46.036697 2.926606 572.000000
46.036697 3.014178 562.000000
46.036697 3.101751 482.000000
46.036697 3.189324 429.000000
46.036697 3.276897 332.000000
46.036697 3.364470 382.000000
46.036697 3.452043 259.000000
46.036697 3.539616 555.000000
46.036697 3.627189 534.000000
46.036697 3.714762 610.000000
46.036697 3.802335 968.000000
46.036697 3.889908 727.000000
46.036697 3.977481 327.000000
46.036697 4.065054 284.000000
46.036697 4.152627 339.000000
46.036697 4.240200 486.000000
46.036697 4.327773 664.000000
46.036697 4.415346 596.000000
46.036697 4.502919 470.000000
46.036697 4.590492 613.000000
46.036697 4.678065 226.000000
46.036697 4.765638 201.000000
46.036697 4.853211 273.000000
46.036697 4.940784 279.000000
45.949124 1.000000 271.000000
45.949124 1.087573 264.000000
45.949124 1.175146 329.000000
45.949124 1.262719 413.000000
45.949124 1.350292 371.000000
45.949124 1.437865 381.000000
45.949124 1.525438 353.000000
45.949124 1.613011 359.000000
45.949124 1.700584 487.000000
45.949124 1.788157 516.000000
45.949124 1.875730 585.000000
45.949124 1.963303 534.000000
45.949124 2.050876 603.000000
45.949124 2.138449 559.000000
45.949124 2.226022 577.000000
45.949124 2.313595 516.000000
45.949124 2.401168 620.000000
45.949124 2.488741 652.000000
45.949124 2.576314 686.000000
45.949124 2.663887 659.000000
45.949124 2.751460 646.000000
45.949124 2.839033 723.000000
45.949124 2.926606 733.000000
45.949124 3.014178 706.000000
45.949124 3.101751 367.000000
45.949124 3.189324 323.000000
45.949124 3.276897 307.000000
45.949124 3.364470 316.000000
45.949124 3.452043 278.000000
45.949124 3.539616 510.000000
45.949124 3.627189 842.000000
45.949124 3.714762 965.000000
45.949124 3.802335 730.000000
45.949124 3.889908 817.000000
45.949124 3.977481 474.000000
45.949124 4.065054 454.000000
45.949124 4.152627 510.000000
45.949124 4.240200 444.000000
45.949124 4.327773 576.000000
45.949124 4.415346 573.000000
45.949124 4.502919 500.000000
45.949124 4.590492 548.000000
45.949124 4.678065 251.000000
45.949124 4.765638 223.000000
45.949124 4.853211 274.000000
45.949124 4.940784 292.000000
45.861551 1.000000 233.000000
45.861551 1.087573 185.000000
45.861551 1.175146 402.000000
45.861551 1.262719 300.000000
45.861551 1.350292 275.000000
45.861551 1.437865 285.000000
45.861551 1.525438 392.000000
45.861551 1.613011 488.000000
45.861551 1.700584 465.000000
45.861551 1.788157 458.000000
45.861551 1.875730 798.000000
45.861551 1.963303 740.000000
45.861551 2.050876 666.000000
45.861551 2.138449 683.000000
45.861551 2.226022 667.000000
45.861551 2.313595 631.000000
45.861551 2.401168 730.000000
45.861551 2.488741 707.000000
45.861551 2.576314 732.000000
45.861551 2.663887 557.000000
45.861551 2.751460 733.000000
45.861551 2.839033 650.000000
45.861551 2.926606 875.000000
45.861551 3.014178 709.000000
45.861551 3.101751 507.000000
45.861551 3.189324 318.000000
45.861551 3.276897 335.000000
45.861551 3.364470 357.000000
45.861551 3.452043 343.000000
45.861551 3.539616 409.000000
45.861551 3.627189 587.000000
45.861551 3.714762 707.000000
45.861551 3.802335 693.000000
45.861551 3.889908 649.000000
45.861551 3.977481 473.000000
45.861551 4.065054 400.000000
45.861551 4.152627 427.000000
45.861551 4.240200 513.000000
45.861551 4.327773 699.000000
45.861551 4.415346 794.000000
45.861551 4.502919 487.000000
45.861551 4.590492 332.000000
45.861551 4.678065 262.000000
45.861551 4.765638 312.000000
45.861551 4.853211 257.000000
45.861551 4.940784 275.000000
45.773978 1.000000 333.000000
45.773978 1.087573 311.000000
45.773978 1.175146 303.000000
45.773978 1.262719 355.000000
45.773978 1.350292 357.000000
45.773978 1.437865 398.000000
45.773978 1.525438 387.000000
45.773978 1.613011 319.000000
45.773978 1.700584 498.000000
45.773978 1.788157 583.000000
45.773978 1.875730 706.000000
45.773978 1.963303 755.000000
45.773978 2.050876 843.000000
45.773978 2.138449 833.000000
45.773978 2.226022 864.000000
45.773978 2.313595 773.000000
45.773978 2.401168 762.000000
45.773978 2.488741 743.000000
45.773978 2.576314 753.000000
45.773978 2.663887 848.000000
45.773978 2.751460 867.000000
45.773978 2.839033 745.000000
45.773978 2.926606 926.000000
45.773978 3.014178 790.000000
45.773978 3.101751 354.000000
45.773978 3.189324 329.000000
45.773978 3.276897 364.000000
45.773978 3.364470 346.000000
45.773978 3.452043 379.000000
45.773978 3.539616 305.000000
45.773978 3.627189 620.000000
45.773978 3.714762 1116.000000
45.773978 3.802335 875.000000
45.773978 3.889908 795.000000
45.773978 3.977481 602.000000
45.773978 4.065054 348.000000
45.773978 4.152627 391.000000
45.773978 4.240200 354.000000
45.773978 4.327773 580.000000
45.773978 4.415346 671.000000
45.773978 4.502919 662.000000
45.773978 4.590492 428.000000
45.773978 4.678065 367.000000
45.773978 4.765638 241.000000
45.773978 4.853211 169.000000
45.773978 4.940784 180.000000
45.686405 1.000000 358.000000
45.686405 1.087573 406.000000
45.686405 1.175146 326.000000
45.686405 1.262719 342.000000
45.686405 1.350292 343.000000
45.686405 1.437865 361.000000
45.686405 1.525438 384.000000
45.686405 1.613011 539.000000
45.686405 1.700584 595.000000
45.686405 1.788157 527.000000
45.686405 1.875730 702.000000
45.686405 1.963303 732.000000
45.686405 2.050876 843.000000
45.686405 2.138449 759.000000
45.686405 2.226022 787.000000
45.686405 2.313595 763.000000
45.686405 2.401168 833.000000
45.686405 2.488741 755.000000
45.686405 2.576314 785.000000
45.686405 2.663887 908.000000
45.686405 2.751460 893.000000
45.686405 2.839033 912.000000
45.686405 2.926606 980.000000
45.686405 3.014178 1005.000000
45.686405 3.101751 565.000000
45.686405 3.189324 362.000000
45.686405 3.276897 637.000000
45.686405 3.364470 533.000000
45.686405 3.452043 563.000000
45.686405 3.539616 569.000000
45.686405 3.627189 594.000000
45.686405 3.714762 959.000000
45.686405 3.802335 1358.000000
45.686405 3.889908 852.000000
45.686405 3.977481 699.000000
45.686405 4.065054 398.000000
45.686405 4.152627 374.000000
45.686405 4.240200 353.000000
45.686405 4.327773 465.000000
45.686405 4.415346 483.000000
45.686405 4.502919 701.000000
45.686405 4.590492 687.000000
45.686405 4.678065 295.000000
45.686405 4.765638 229.000000
45.686405 4.853211 179.000000
45.686405 4.940784 213.000000
45.598832 1.000000 436.000000
45.598832 1.087573 371.000000
45.598832 1.175146 333.000000
45.598832 1.262719 402.000000
45.598832 1.350292 455.000000
45.598832 1.437865 427.000000
45.598832 1.525438 425.000000
45.598832 1.613011 505.000000
45.598832 1.700584 473.000000
45.598832 1.788157 617.000000
45.598832 1.875730 679.000000
45.598832 1.963303 741.000000
45.598832 2.050876 866.000000
45.598832 2.138449 903.000000
45.598832 2.226022 751.000000
45.598832 2.313595 661.000000
45.598832 2.401168 789.000000
45.598832 2.488741 685.000000
45.598832 2.576314 798.000000
45.598832 2.663887 874.000000
45.598832 2.751460 1038.000000
45.598832 2.839033 1366.000000
45.598832 2.926606 1045.000000
45.598832 3.014178 893.000000
45.598832 3.101751 543.000000
45.598832 3.189324 378.000000
45.598832 3.276897 573.000000
45.598832 3.364470 463.000000
45.598832 3.452043 639.000000
45.598832 3.539616 800.000000
45.598832 3.627189 805.000000
45.598832 3.714762 643.000000
45.598832 3.802335 967.000000
45.598832 3.889908 1377.000000
45.598832 3.977481 905.000000
45.598832 4.065054 413.000000
45.598832 4.152627 363.000000
45.598832 4.240200 354.000000
45.598832 4.327773 480.000000
45.598832 4.415346 610.000000
45.598832 4.502919 781.000000
45.598832 4.590492 686.000000
45.598832 4.678065 319.000000
45.598832 4.765638 171.000000
45.598832 4.853211 238.000000
45.598832 4.940784 300.000000
45.511259 1.000000 311.000000
45.511259 1.087573 367.000000
45.511259 1.175146 396.000000
45.511259 1.262719 375.000000
45.511259 1.350292 377.000000
45.511259 1.437865 398.000000
45.511259 1.525438 445.000000
45.511259 1.613011 432.000000
45.511259 1.700584 368.000000
45.511259 1.788157 586.000000
45.511259 1.875730 790.000000
45.511259 1.963303 743.000000
45.511259 2.050876 906.000000
45.511259 2.138449 619.000000
45.511259 2.226022 664.000000
45.511259 2.313595 602.000000
45.511259 2.401168 680.000000
45.511259 2.488741 748.000000
45.511259 2.576314 822.000000
45.511259 2.663887 919.000000
45.511259 2.751460 1081.000000
45.511259 2.839033 1523.000000
45.511259 2.926606 1096.000000
45.511259 3.014178 951.000000
45.511259 3.101751 863.000000
45.511259 3.189324 495.000000
45.511259 3.276897 380.000000
45.511259 3.364470 532.000000
45.511259 3.452043 827.000000
45.511259 3.539616 1025.000000
45.511259 3.627189 1074.000000
45.511259 3.714762 619.000000
45.511259 3.802335 923.000000
45.511259 3.889908 1018.000000
45.511259 3.977481 1134.000000
45.511259 4.065054 596.000000
45.511259 4.152627 408.000000
45.511259 4.240200 373.000000
45.511259 4.327773 499.000000
45.511259 4.415346 636.000000
45.511259 4.502919 604.000000
45.511259 4.590492 298.000000
45.511259 4.678065 381.000000
45.511259 4.765638 390.000000
45.511259 4.853211 159.000000
45.511259 4.940784 199.000000
45.423686 1.000000 300.000000
45.423686 1.087573 340.000000
45.423686 1.175146 318.000000
45.423686 1.262719 277.000000
45.423686 1.350292 301.000000
45.423686 1.437865 405.000000
45.423686 1.525438 309.000000
45.423686 1.613011 343.000000
45.423686 1.700584 416.000000
45.423686 1.788157 505.000000
45.423686 1.875730 623.000000
45.423686 1.963303 703.000000
45.423686 2.050876 578.000000
45.423686 2.138449 522.000000
45.423686 2.226022 630.000000
45.423686 2.313595 597.000000
45.423686 2.401168 542.000000
45.423686 2.488741 538.000000
45.423686 2.576314 586.000000
45.423686 2.663887 896.000000
45.423686 2.751460 1037.000000
45.423686 2.839033 1038.000000
45.423686 2.926606 1189.000000
45.423686 3.014178 1157.000000
45.423686 3.101751 820.000000
45.423686 3.189324 504.000000
45.423686 3.276897 485.000000
45.423686 3.364470 606.000000
45.423686 3.452043 784.000000
45.423686 3.539616 965.000000
45.423686 3.627189 939.000000
45.423686 3.714762 623.000000
45.423686 3.802335 901.000000
45.423686 3.889908 842.000000
45.423686 3.977481 987.000000
45.423686 4.065054 868.000000
45.423686 4.152627 686.000000
45.423686 4.240200 545.000000
45.423686 4.327773 625.000000
45.423686 4.415346 594.000000
45.423686 4.502919 781.000000
45.423686 4.590492 684.000000
45.423686 4.678065 420.000000
45.423686 4.765638 166.000000
45.423686 4.853211 209.000000
45.423686 4.940784 377.000000
45.336113 1.000000 190.000000
45.336113 1.087573 219.000000
45.336113 1.175146 338.000000
45.336113 1.262719 314.000000
45.336113 1.350292 311.000000
45.336113 1.437865 241.000000
45.336113 1.525438 365.000000
45.336113 1.613011 401.000000
45.336113 1.700584 425.000000
45.336113 1.788157 332.000000
45.336113 1.875730 541.000000
45.336113 1.963303 583.000000
45.336113 2.050876 594.000000
45.336113 2.138449 544.000000
45.336113 2.226022 575.000000
45.336113 2.313595 540.000000
45.336113 2.401168 574.000000
45.336113 2.488741 567.000000
45.336113 2.576314 583.000000
45.336113 2.663887 793.000000
45.336113 2.751460 699.000000
45.336113 2.839033 1107.000000
45.336113 2.926606 1264.000000
45.336113 3.014178 1293.000000
45.336113 3.101751 952.000000
45.336113 3.189324 643.000000
45.336113 3.276897 577.000000
45.336113 3.364470 418.000000
45.336113 3.452043 589.000000
45.336113 3.539616 793.000000
45.336113 3.627189 1023.000000
45.336113 3.714762 1058.000000
45.336113 3.802335 950.000000
45.336113 3.889908 879.000000
45.336113 3.977481 905.000000
45.336113 4.065054 714.000000
45.336113 4.152627 497.000000
45.336113 4.240200 683.000000
45.336113 4.327773 852.000000
45.336113 4.415346 976.000000
45.336113 4.502919 1219.000000
45.336113 4.590492 870.000000
45.336113 4.678065 400.000000
45.336113 4.765638 139.000000
45.336113 4.853211 216.000000
45.336113 4.940784 231.000000
45.248540 1.000000 161.000000
45.248540 1.087573 193.000000
45.248540 1.175146 203.000000
45.248540 1.262719 208.000000
45.248540 1.350292 188.000000
45.248540 1.437865 203.000000
45.248540 1.525438 321.000000
45.248540 1.613011 323.000000
45.248540 1.700584 410.000000
45.248540 1.788157 271.000000
45.248540 1.875730 451.000000
45.248540 1.963303 544.000000
45.248540 2.050876 572.000000
45.248540 2.138449 512.000000
45.248540 2.226022 507.000000
45.248540 2.313595 689.000000
45.248540 2.401168 473.000000
45.248540 2.488741 869.000000
45.248540 2.576314 1075.000000
45.248540 2.663887 969.000000
45.248540 2.751460 1071.000000
45.248540 2.839033 1091.000000
45.248540 2.926606 1012.000000
45.248540 3.014178 1111.000000
45.248540 3.101751 835.000000
45.248540 3.189324 564.000000
45.248540 3.276897 750.000000
45.248540 3.364470 569.000000
45.248540 3.452043 637.000000
45.248540 3.539616 627.000000
45.248540 3.627189 969.000000
45.248540 3.714762 1023.000000
45.248540 3.802335 959.000000
45.248540 3.889908 919.000000
45.248540 3.977481 879.000000
45.248540 4.065054 903.000000
45.248540 4.152627 557.000000
45.248540 4.240200 805.000000
45.248540 4.327773 932.000000
45.248540 4.415346 922.000000
45.248540 4.502919 1198.000000
45.248540 4.590492 714.000000
45.248540 4.678065 352.000000
45.248540 4.765638 331.000000
45.248540 4.853211 199.000000
45.248540 4.940784 339.000000
45.160967 1.000000 185.000000
45.160967 1.087573 201.000000
45.160967 1.175146 145.000000
45.160967 1.262719 249.000000
45.160967 1.350292 160.000000
45.160967 1.437865 137.000000
45.160967 1.525438 108.000000
45.160967 1.613011 187.000000
45.160967 1.700584 471.000000
45.160967 1.788157 434.000000
45.160967 1.875730 284.000000
45.160967 1.963303 403.000000
45.160967 2.050876 519.000000
45.160967 2.138449 614.000000
45.160967 2.226022 642.000000
45.160967 2.313595 732.000000
45.160967 2.401168 773.000000
45.160967 2.488741 944.000000
45.160967 2.576314 1283.000000
45.160967 2.663887 1412.000000
45.160967 2.751460 1457.000000
45.160967 2.839033 1238.000000
45.160967 2.926606 1100.000000
45.160967 3.014178 965.000000
45.160967 3.101751 1047.000000
45.160967 3.189324 848.000000
45.160967 3.276897 983.000000
45.160967 3.364470 910.000000
45.160967 3.452043 661.000000
45.160967 3.539616 615.000000
45.160967 3.627189 1072.000000
45.160967 3.714762 930.000000
45.160967 3.802335 878.000000
45.160967 3.889908 632.000000
45.160967 3.977481 771.000000
45.160967 4.065054 771.000000
45.160967 4.152627 783.000000
45.160967 4.240200 833.000000
45.160967 4.327773 959.000000
45.160967 4.415346 975.000000
45.160967 4.502919 1134.000000
45.160967 4.590492 621.000000
45.160967 4.678065 461.000000
45.160967 4.765638 414.000000
45.160967 4.853211 292.000000
45.160967 4.940784 325.000000
45.073394 1.000000 180.000000
45.073394 1.087573 226.000000
45.073394 1.175146 83.000000
45.073394 1.262719 154.000000
45.073394 1.350292 275.000000
45.073394 1.437865 258.000000
45.073394 1.525438 267.000000
45.073394 1.613011 258.000000
45.073394 1.700584 410.000000
45.073394 1.788157 486.000000
45.073394 1.875730 421.000000
45.073394 1.963303 415.000000
45.073394 2.050876 432.000000
45.073394 2.138449 544.000000
45.073394 2.226022 439.000000
45.073394 2.313595 504.000000
45.073394 2.401168 656.000000
45.073394 2.488741 980.000000
45.073394 2.576314 1162.000000
45.073394 2.663887 940.000000
45.073394 2.751460 1399.000000
45.073394 2.839033 1074.000000
45.073394 2.926606 1044.000000
45.073394 3.014178 968.000000
45.073394 3.101751 914.000000
45.073394 3.189324 1095.000000
45.073394 3.276897 1001.000000
45.073394 3.364470 979.000000
45.073394 3.452043 926.000000
45.073394 3.539616 512.000000
45.073394 3.627189 997.000000
45.073394 3.714762 898.000000
45.073394 3.802335 748.000000
45.073394 3.889908 720.000000
45.073394 3.977481 834.000000
45.073394 4.065054 916.000000
45.073394 4.152627 1109.000000
45.073394 4.240200 1051.000000
45.073394 4.327773 1074.000000
45.073394 4.415346 850.000000
45.073394 4.502919 890.000000
45.073394 4.590492 629.000000
45.073394 4.678065 383.000000
45.073394 4.765638 185.000000
45.073394 4.853211 127.000000
45.073394 4.940784 195.000000
44.985822 1.000000 155.000000
44.985822 1.087573 251.000000
44.985822 1.175146 256.000000
44.985822 1.262719 224.000000
44.985822 1.350292 248.000000
44.985822 1.437865 290.000000
44.985822 1.525438 270.000000
44.985822 1.613011 188.000000
44.985822 1.700584 158.000000
44.985822 1.788157 282.000000
44.985822 1.875730 431.000000
44.985822 1.963303 538.000000
44.985822 2.050876 526.000000
44.985822 2.138449 501.000000
44.985822 2.226022 607.000000
44.985822 2.313595 619.000000
44.985822 2.401168 644.000000
44.985822 2.488741 893.000000
44.985822 2.576314 1153.000000
44.985822 2.663887 1071.000000
44.985822 2.751460 1255.000000
44.985822 2.839033 1133.000000
44.985822 2.926606 1063.000000
44.985822 3.014178 1011.000000
44.985822 3.101751 965.000000
44.985822 3.189324 828.000000
44.985822 3.276897 1071.000000
44.985822 3.364470 1309.000000
44.985822 3.452043 1159.000000
44.985822 3.539616 975.000000
44.985822 3.627189 737.000000
44.985822 3.714762 1154.000000
44.985822 3.802335 951.000000
44.985822 3.889908 658.000000
44.985822 3.977481 889.000000
44.985822 4.065054 872.000000
44.985822 4.152627 1244.000000
44.985822 4.240200 1126.000000
44.985822 4.327773 1054.000000
44.985822 4.415346 1043.000000
44.985822 4.502919 682.000000
44.985822 4.590492 429.000000
44.985822 4.678065 462.000000
44.985822 4.765638 506.000000
44.985822 4.853211 109.000000
44.985822 4.940784 192.000000
44.898249 1.000000 196.000000
44.898249 1.087573 180.000000
44.898249 1.175146 257.000000
44.898249 1.262719 179.000000
44.898249 1.350292 193.000000
44.898249 1.437865 245.000000
44.898249 1.525438 231.000000
44.898249 1.613011 110.000000
44.898249 1.700584 290.000000
44.898249 1.788157 126.000000
44.898249 1.875730 224.000000
44.898249 1.963303 371.000000
44.898249 2.050876 632.000000
44.898249 2.138449 619.000000
44.898249 2.226022 619.000000
44.898249 2.313595 598.000000
44.898249 2.401168 609.000000
44.898249 2.488741 636.000000
44.898249 2.576314 725.000000
44.898249 2.663887 797.000000
44.898249 2.751460 950.000000
44.898249 2.839033 827.000000
44.898249 2.926606 813.000000
44.898249 3.014178 760.000000
44.898249 3.101751 842.000000
44.898249 3.189324 988.000000
44.898249 3.276897 877.000000
44.898249 3.364470 1209.000000
44.898249 3.452043 1236.000000
44.898249 3.539616 1070.000000
44.898249 3.627189 882.000000
44.898249 3.714762 957.000000
44.898249 3.802335 1214.000000
44.898249 3.889908 985.000000
44.898249 3.977481 1060.000000
44.898249 4.065054 1197.000000
44.898249 4.152627 1313.000000
44.898249 4.240200 1148.000000
44.898249 4.327773 665.000000
44.898249 4.415346 481.000000
44.898249 4.502919 611.000000
44.898249 4.590492 667.000000
44.898249 4.678065 600.000000
44.898249 4.765638 530.000000
44.898249 4.853211 108.000000
44.898249 4.940784 149.000000
44.810676 1.000000 65.000000
44.810676 1.087573 160.000000
44.810676 1.175146 123.000000
44.810676 1.262719 194.000000
44.810676 1.350292 170.000000
44.810676 1.437865 206.000000
44.810676 1.525438 235.000000
44.810676 1.613011 255.000000
44.810676 1.700584 318.000000
44.810676 1.788157 332.000000
44.810676 1.875730 493.000000
44.810676 1.963303 423.000000
44.810676 2.050876 601.000000
44.810676 2.138449 595.000000
44.810676 2.226022 502.000000
44.810676 2.313595 570.000000
44.810676 2.401168 789.000000
44.810676 2.488741 722.000000
44.810676 2.576314 715.000000
44.810676 2.663887 796.000000
44.810676 2.751460 767.000000
44.810676 2.839033 958.000000
44.810676 2.926606 1104.000000
44.810676 3.014178 1127.000000
44.810676 3.101751 1045.000000
44.810676 3.189324 1064.000000
44.810676 3.276897 1014.000000
44.810676 3.364470 999.000000
44.810676 3.452043 1236.000000
44.810676 3.539616 1250.000000
44.810676 3.627189 1168.000000
44.810676 3.714762 909.000000
44.810676 3.802335 982.000000
44.810676 3.889908 1197.000000
44.810676 3.977481 1209.000000
44.810676 4.065054 1072.000000
44.810676 4.152627 1203.000000
44.810676 4.240200 1375.000000
44.810676 4.327773 1105.000000
44.810676 4.415346 849.000000
44.810676 4.502919 733.000000
44.810676 4.590492 321.000000
44.810676 4.678065 280.000000
44.810676 4.765638 368.000000
44.810676 4.853211 101.000000
44.810676 4.940784 205.000000
44.723103 1.000000 233.000000
44.723103 1.087573 267.000000
44.723103 1.175146 212.000000
44.723103 1.262719 148.000000
44.723103 1.350292 203.000000
44.723103 1.437865 282.000000
44.723103 1.525438 387.000000
44.723103 1.613011 298.000000
44.723103 1.700584 383.000000
44.723103 1.788157 341.000000
44.723103 1.875730 347.000000
44.723103 1.963303 509.000000
44.723103 2.050876 516.000000
44.723103 2.138449 488.000000
44.723103 2.226022 388.000000
44.723103 2.313595 561.000000
44.723103 2.401168 578.000000
44.723103 2.488741 678.000000
44.723103 2.576314 564.000000
44.723103 2.663887 703.000000
44.723103 2.751460 843.000000
44.723103 2.839033 1020.000000
44.723103 2.926606 1243.000000
44.723103 3.014178 1109.000000
44.723103 3.101751 1246.000000
44.723103 3.189324 1156.000000
44.723103 3.276897 1043.000000
44.723103 3.364470 1016.000000
44.723103 3.452043 1187.000000
44.723103 3.539616 1384.000000
44.723103 3.627189 1253.000000
44.723103 3.714762 1171.000000
44.723103 3.802335 1028.000000
44.723103 3.889908 1125.000000
44.723103 3.977481 1257.000000
44.723103 4.065054 1327.000000
44.723103 4.152627 907.000000
44.723103 4.240200 784.000000
44.723103 4.327773 914.000000
44.723103 4.415346 690.000000
44.723103 4.502919 624.000000
44.723103 4.590492 259.000000
44.723103 4.678065 211.000000
44.723103 4.765638 82.000000
44.723103 4.853211 343.000000
44.723103 4.940784 239.000000
44.635530 1.000000 252.000000
44.635530 1.087573 265.000000
44.635530 1.175146 246.000000
44.635530 1.262719 256.000000
44.635530 1.350292 297.000000
44.635530 1.437865 250.000000
44.635530 1.525438 377.000000
44.635530 1.613011 382.000000
44.635530 1.700584 403.000000
44.635530 1.788157 294.000000
44.635530 1.875730 311.000000
44.635530 1.963303 336.000000
44.635530 2.050876 386.000000
44.635530 2.138449 234.000000
44.635530 2.226022 329.000000
44.635530 2.313595 187.000000
44.635530 2.401168 579.000000
44.635530 2.488741 344.000000
44.635530 2.576314 253.000000
44.635530 2.663887 721.000000
44.635530 2.751460 810.000000
44.635530 2.839033 915.000000
44.635530 2.926606 1201.000000
44.635530 3.014178 1303.000000
44.635530 3.101751 1207.000000
44.635530 3.189324 1209.000000
44.635530 3.276897 1065.000000
44.635530 3.364470 1081.000000
44.635530 3.452043 1133.000000
44.635530 3.539616 1431.000000
44.635530 3.627189 1373.000000
44.635530 3.714762 1219.000000
44.635530 3.802335 1213.000000
44.635530 3.889908 989.000000
44.635530 3.977481 1126.000000
44.635530 4.065054 1187.000000
44.635530 4.152627 907.000000
44.635530 4.240200 590.000000
44.635530 4.327773 400.000000
44.635530 4.415346 249.000000
44.635530 4.502919 446.000000
44.635530 4.590492 646.000000
44.635530 4.678065 341.000000
44.635530 4.765638 74.000000
44.635530 4.853211 316.000000
44.635530 4.940784 189.000000
44.547957 1.000000 182.000000
44.547957 1.087573 139.000000
44.547957 1.175146 223.000000
44.547957 1.262719 254.000000
44.547957 1.350292 239.000000
44.547957 1.437865 195.000000
44.547957 1.525438 283.000000
44.547957 1.613011 276.000000
44.547957 1.700584 333.000000
44.547957 1.788157 260.000000
44.547957 1.875730 306.000000
44.547957 1.963303 304.000000
44.547957 2.050876 285.000000
44.547957 2.138449 425.000000
44.547957 2.226022 260.000000
44.547957 2.313595 341.000000
44.547957 2.401168 253.000000
44.547957 2.488741 656.000000
44.547957 2.576314 585.000000
44.547957 2.663887 412.000000
44.547957 2.751460 460.000000
44.547957 2.839033 739.000000
44.547957 2.926606 837.000000
44.547957 3.014178 1078.000000
44.547957 3.101751 1313.000000
44.547957 3.189324 1057.000000
44.547957 3.276897 759.000000
44.547957 3.364470 883.000000
44.547957 3.452043 1068.000000
44.547957 3.539616 1028.000000
44.547957 3.627189 1153.000000
44.547957 3.714762 1169.000000
44.547957 3.802335 1105.000000
44.547957 3.889908 1110.000000
44.547957 3.977481 985.000000
44.547957 4.065054 807.000000
44.547957 4.152627 537.000000
44.547957 4.240200 482.000000
44.547957 4.327773 238.000000
44.547957 4.415346 145.000000
44.547957 4.502919 340.000000
44.547957 4.590492 209.000000
44.547957 4.678065 81.000000
44.547957 4.765638 85.000000
44.547957 4.853211 139.000000
44.547957 4.940784 284.000000
44.460384 1.000000 179.000000
44.460384 1.087573 229.000000
44.460384 1.175146 212.000000
44.460384 1.262719 249.000000
44.460384 1.350292 201.000000
44.460384 1.437865 181.000000
44.460384 1.525438 167.000000
44.460384 1.613011 299.000000
44.460384 1.700584 137.000000
44.460384 1.788157 157.000000
44.460384 1.875730 258.000000
44.460384 1.963303 338.000000
44.460384 2.050876 363.000000
44.460384 2.138449 481.000000
44.460384 2.226022 483.000000
44.460384 2.313595 550.000000
44.460384 2.401168 388.000000
44.460384 2.488741 556.000000
44.460384 2.576314 544.000000
44.460384 2.663887 572.000000
44.460384 2.751460 567.000000
44.460384 2.839033 660.000000
44.460384 2.926606 499.000000
44.460384 3.014178 757.000000
44.460384 3.101751 770.000000
44.460384 3.189324 662.000000
44.460384 3.276897 849.000000
44.460384 3.364470 888.000000
44.460384 3.452043 973.000000
44.460384 3.539616 914.000000
44.460384 3.627189 1456.000000
44.460384 3.714762 1379.000000
44.460384 3.802335 1146.000000
44.460384 3.889908 652.000000
44.460384 3.977481 630.000000
44.460384 4.065054 629.000000
44.460384 4.152627 320.000000
44.460384 4.240200 259.000000
44.460384 4.327773 163.000000
44.460384 4.415346 194.000000
44.460384 4.502919 417.000000
44.460384 4.590492 294.000000
44.460384 4.678065 320.000000
44.460384 4.765638 219.000000
44.460384 4.853211 288.000000
44.460384 4.940784 291.000000
44.372811 1.000000 239.000000
44.372811 1.087573 258.000000
44.372811 1.175146 259.000000
44.372811 1.262719 247.000000
44.372811 1.350292 254.000000
44.372811 1.437865 231.000000
44.372811 1.525438 198.000000
44.372811 1.613011 258.000000
44.372811 1.700584 302.000000
44.372811 1.788157 353.000000
44.372811 1.875730 346.000000
44.372811 1.963303 377.000000
44.372811 2.050876 318.000000
44.372811 2.138449 475.000000
44.372811 2.226022 406.000000
44.372811 2.313595 432.000000
44.372811 2.401168 614.000000
44.372811 2.488741 576.000000
44.372811 2.576314 530.000000
44.372811 2.663887 553.000000
44.372811 2.751460 864.000000
44.372811 2.839033 633.000000
44.372811 2.926606 711.000000
44.372811 3.014178 889.000000
44.372811 3.101751 861.000000
44.372811 3.189324 981.000000
44.372811 3.276897 906.000000
44.372811 3.364470 898.000000
44.372811 3.452043 953.000000
44.372811 3.539616 551.000000
44.372811 3.627189 746.000000
44.372811 3.714762 1105.000000
44.372811 3.802335 1318.000000
44.372811 3.889908 1346.000000
44.372811 3.977481 407.000000
44.372811 4.065054 705.000000
44.372811 4.152627 250.000000
44.372811 4.240200 133.000000
44.372811 4.327773 249.000000
44.372811 4.415346 138.000000
44.372811 4.502919 355.000000
44.372811 4.590492 329.000000
44.372811 4.678065 55.000000
44.372811 4.765638 79.000000
44.372811 4.853211 163.000000
44.372811 4.940784 178.000000
44.285238 1.000000 228.000000
44.285238 1.087573 144.000000
44.285238 1.175146 222.000000
44.285238 1.262719 188.000000
44.285238 1.350292 202.000000
44.285238 1.437865 233.000000
44.285238 1.525438 243.000000
44.285238 1.613011 254.000000
44.285238 1.700584 333.000000
44.285238 1.788157 344.000000
44.285238 1.875730 410.000000
44.285238 1.963303 307.000000
44.285238 2.050876 456.000000
44.285238 2.138449 593.000000
44.285238 2.226022 723.000000
44.285238 2.313595 594.000000
44.285238 2.401168 711.000000
44.285238 2.488741 761.000000
44.285238 2.576314 682.000000
44.285238 2.663887 745.000000
44.285238 2.751460 758.000000
44.285238 2.839033 850.000000
44.285238 2.926606 984.000000
44.285238 3.014178 932.000000
44.285238 3.101751 867.000000
44.285238 3.189324 870.000000
44.285238 3.276897 907.000000
44.285238 3.364470 836.000000
44.285238 3.452043 930.000000
44.285238 3.539616 1055.000000
44.285238 3.627189 920.000000
44.285238 3.714762 1045.000000
44.285238 3.802335 837.000000
44.285238 3.889908 578.000000
44.285238 3.977481 514.000000
44.285238 4.065054 399.000000
44.285238 4.152627 325.000000
44.285238 4.240200 178.000000
44.285238 4.327773 122.000000
44.285238 4.415346 171.000000
44.285238 4.502919 206.000000
44.285238 4.590492 65.000000
44.285238 4.678065 44.000000
44.285238 4.765638 62.000000
44.285238 4.853211 106.000000
44.285238 4.940784 157.000000
44.197665 1.000000 146.000000
44.197665 1.087573 127.000000
44.197665 1.175146 190.000000
44.197665 1.262719 161.000000
44.197665 1.350292 109.000000
44.197665 1.437865 165.000000
44.197665 1.525438 139.000000
44.197665 1.613011 152.000000
44.197665 1.700584 305.000000
44.197665 1.788157 299.000000
44.197665 1.875730 294.000000
44.197665 1.963303 417.000000
44.197665 2.050876 294.000000
44.197665 2.138449 352.000000
44.197665 2.226022 455.000000
44.197665 2.313595 469.000000
44.197665 2.401168 549.000000
44.197665 2.488741 523.000000
44.197665 2.576314 645.000000
44.197665 2.663887 739.000000
44.197665 2.751460 819.000000
44.197665 2.839033 943.000000
44.197665 2.926606 967.000000
44.197665 3.014178 808.000000
44.197665 3.101751 588.000000
44.197665 3.189324 399.000000
44.197665 3.276897 596.000000
44.197665 3.364470 892.000000
44.197665 3.452043 759.000000
44.197665 3.539616 903.000000
44.197665 3.627189 1036.000000
44.197665 3.714762 424.000000
44.197665 3.802335 332.000000
44.197665 3.889908 780.000000
44.197665 3.977481 642.000000
44.197665 4.065054 252.000000
44.197665 4.152627 238.000000
44.197665 4.240200 129.000000
44.197665 4.327773 363.000000
44.197665 4.415346 237.000000
44.197665 4.502919 130.000000
44.197665 4.590492 175.000000
44.197665 4.678065 69.000000
44.197665 4.765638 86.000000
44.197665 4.853211 82.000000
44.197665 4.940784 111.000000
44.110092 1.000000 143.000000
44.110092 1.087573 137.000000
44.110092 1.175146 74.000000
44.110092 1.262719 78.000000
44.110092 1.350292 104.000000
44.110092 1.437865 83.000000
44.110092 1.525438 108.000000
44.110092 1.613011 115.000000
44.110092 1.700584 289.000000
44.110092 1.788157 319.000000
44.110092 1.875730 361.000000
44.110092 1.963303 255.000000
44.110092 2.050876 373.000000
44.110092 2.138449 318.000000
44.110092 2.226022 386.000000
44.110092 2.313595 442.000000
44.110092 2.401168 442.000000
44.110092 2.488741 567.000000
44.110092 2.576314 654.000000
44.110092 2.663887 862.000000
44.110092 2.751460 755.000000
44.110092 2.839033 758.000000
44.110092 2.926606 519.000000
44.110092 3.014178 644.000000
44.110092 3.101751 818.000000
44.110092 3.189324 818.000000
44.110092 3.276897 653.000000
44.110092 3.364470 890.000000
44.110092 3.452043 1037.000000
44.110092 3.539616 1340.000000
44.110092 3.627189 625.000000
44.110092 3.714762 613.000000
44.110092 3.802335 459.000000
44.110092 3.889908 202.000000
44.110092 3.977481 339.000000
44.110092 4.065054 219.000000
44.110092 4.152627 143.000000
44.110092 4.240200 227.000000
44.110092 4.327773 322.000000
44.110092 4.415346 275.000000
44.110092 4.502919 222.000000
44.110092 4.590492 76.000000
44.110092 4.678065 42.000000
44.110092 4.765638 29.000000
44.110092 4.853211 59.000000
44.110092 4.940784 69.000000
44.022519 1.000000 95.000000
44.022519 1.087573 71.000000
44.022519 1.175146 88.000000
44.022519 1.262719 102.000000
44.022519 1.350292 99.000000
44.022519 1.437865 149.000000
44.022519 1.525438 183.000000
44.022519 1.613011 197.000000
44.022519 1.700584 247.000000
44.022519 1.788157 364.000000
44.022519 1.875730 239.000000
44.022519 1.963303 281.000000
44.022519 2.050876 306.000000
44.022519 2.138449 287.000000
44.022519 2.226022 301.000000
44.022519 2.313595 405.000000
44.022519 2.401168 452.000000
44.022519 2.488741 449.000000
44.022519 2.576314 486.000000
44.022519 2.663887 614.000000
44.022519 2.751460 352.000000
44.022519 2.839033 620.000000
44.022519 2.926606 583.000000
44.022519 3.014178 654.000000
44.022519 3.101751 775.000000
44.022519 3.189324 810.000000
44.022519 3.276897 716.000000
44.022519 3.364470 528.000000
44.022519 3.452043 1338.000000
44.022519 3.539616 1236.000000
44.022519 3.627189 494.000000
44.022519 3.714762 633.000000
44.022519 3.802335 608.000000
44.022519 3.889908 471.000000
44.022519 3.977481 181.000000
44.022519 4.065054 114.000000
44.022519 4.152627 89.000000
44.022519 4.240200 165.000000
44.022519 4.327773 139.000000
44.022519 4.415346 142.000000
44.022519 4.502919 154.000000
44.022519 4.590492 196.000000
44.022519 4.678065 181.000000
44.022519 4.765638 110.000000
44.022519 4.853211 22.000000
44.022519 4.940784 28.000000
43.934946 1.000000 173.000000
43.934946 1.087573 89.000000
43.934946 1.175146 123.000000
43.934946 1.262719 108.000000
43.934946 1.350292 86.000000
43.934946 1.437865 171.000000
43.934946 1.525438 166.000000
43.934946 1.613011 203.000000
43.934946 1.700584 227.000000
43.934946 1.788157 257.000000
43.934946 1.875730 185.000000
43.934946 1.963303 154.000000
43.934946 2.050876 204.000000
43.934946 2.138449 152.000000
43.934946 2.226022 235.000000
43.934946 2.313595 200.000000
43.934946 2.401168 202.000000
43.934946 2.488741 390.000000
43.934946 2.576314 551.000000
43.934946 2.663887 497.000000
43.934946 2.751460 385.000000
43.934946 2.839033 343.000000
43.934946 2.926606 571.000000
43.934946 3.014178 555.000000
43.934946 3.101751 792.000000
43.934946 3.189324 724.000000
43.934946 3.276897 819.000000
43.934946 3.364470 759.000000
43.934946 3.452043 533.000000
43.934946 3.539616 727.000000
43.934946 3.627189 478.000000
43.934946 3.714762 170.000000
43.934946 3.802335 200.000000
43.934946 3.889908 145.000000
43.934946 3.977481 89.000000
43.934946 4.065054 159.000000
43.934946 4.152627 180.000000
43.934946 4.240200 79.000000
43.934946 4.327773 105.000000
43.934946 4.415346 76.000000
43.934946 4.502919 164.000000
43.934946 4.590492 42.000000
43.934946 4.678065 144.000000
43.934946 4.765638 19.000000
43.934946 4.853211 25.000000
43.934946 4.940784 110.000000
43.847373 1.000000 142.000000
43.847373 1.087573 184.000000
43.847373 1.175146 151.000000
43.847373 1.262719 98.000000
43.847373 1.350292 142.000000
43.847373 1.437865 115.000000
43.847373 1.525438 174.000000
43.847373 1.613011 167.000000
43.847373 1.700584 191.000000
43.847373 1.788157 125.000000
43.847373 1.875730 158.000000
43.847373 1.963303 215.000000
43.847373 2.050876 210.000000
43.847373 2.138449 264.000000
43.847373 2.226022 239.000000
43.847373 2.313595 383.000000
43.847373 2.401168 533.000000
43.847373 2.488741 589.000000
43.847373 2.576314 784.000000
43.847373 2.663887 395.000000
43.847373 2.751460 419.000000
43.847373 2.839033 362.000000
43.847373 2.926606 518.000000
43.847373 3.014178 597.000000
43.847373 3.101751 708.000000
43.847373 3.189324 726.000000
43.847373 3.276897 751.000000
43.847373 3.364470 757.000000
43.847373 3.452043 637.000000
43.847373 3.539616 443.000000
43.847373 3.627189 354.000000
43.847373 3.714762 250.000000
43.847373 3.802335 297.000000
43.847373 3.889908 173.000000
43.847373 3.977481 102.000000
43.847373 4.065054 53.000000
43.847373 4.152627 122.000000
43.847373 4.240200 193.000000
43.847373 4.327773 119.000000
43.847373 4.415346 48.000000
43.847373 4.502919 60.000000
43.847373 4.590492 51.000000
43.847373 4.678065 11.000000
43.847373 4.765638 13.000000
43.847373 4.853211 30.000000
43.847373 4.940784 51.000000
43.759800 1.000000 201.000000
43.759800 1.087573 211.000000
43.759800 1.175146 172.000000
43.759800 1.262719 123.000000
43.759800 1.350292 113.000000
43.759800 1.437865 132.000000
43.759800 1.525438 204.000000
43.759800 1.613011 125.000000
43.759800 1.700584 122.000000
43.759800 1.788157 213.000000
43.759800 1.875730 149.000000
43.759800 1.963303 161.000000
43.759800 2.050876 176.000000
43.759800 2.138449 279.000000
43.759800 2.226022 223.000000
43.759800 2.313595 285.000000
43.759800 2.401168 522.000000
43.759800 2.488741 688.000000
43.759800 2.576314 750.000000
43.759800 2.663887 747.000000
43.759800 2.751460 636.000000
43.759800 2.839033 803.000000
43.759800 2.926606 548.000000
43.759800 3.014178 759.000000
43.759800 3.101751 390.000000
43.759800 3.189324 419.000000
43.759800 3.276897 433.000000
43.759800 3.364470 321.000000
43.759800 3.452043 582.000000
43.759800 3.539616 562.000000
43.759800 3.627189 87.000000
43.759800 3.714762 277.000000
43.759800 3.802335 272.000000
43.759800 3.889908 136.000000
43.759800 3.977481 103.000000
43.759800 4.065054 36.000000
43.759800 4.152627 74.000000
43.759800 4.240200 62.000000
43.759800 4.327773 31.000000
43.759800 4.415346 94.000000
43.759800 4.502919 24.000000
43.759800 4.590492 5.000000
43.759800 4.678065 6.000000
43.759800 4.765638 240.000000
43.759800 4.853211 373.000000
43.759800 4.940784 111.000000
43.672227 1.000000 211.000000
43.672227 1.087573 149.000000
43.672227 1.175146 150.000000
43.672227 1.262719 182.000000
43.672227 1.350292 140.000000
43.672227 1.437865 131.000000
43.672227 1.525438 217.000000
43.672227 1.613011 144.000000
43.672227 1.700584 200.000000
43.672227 1.788157 168.000000
43.672227 1.875730 220.000000
43.672227 1.963303 167.000000
43.672227 2.050876 229.000000
43.672227 2.138449 179.000000
43.672227 2.226022 278.000000
43.672227 2.313595 370.000000
43.672227 2.401168 481.000000
43.672227 2.488741 661.000000
43.672227 2.576314 931.000000
43.672227 2.663887 1001.000000
43.672227 2.751460 1125.000000
43.672227 2.839033 869.000000
43.672227 2.926606 889.000000
43.672227 3.014178 415.000000
43.672227 3.101751 304.000000
43.672227 3.189324 436.000000
43.672227 3.276897 380.000000
43.672227 3.364470 303.000000
43.672227 3.452043 126.000000
43.672227 3.539616 73.000000
43.672227 3.627189 184.000000
43.672227 3.714762 176.000000
43.672227 3.802335 92.000000
43.672227 3.889908 98.000000
43.672227 3.977481 50.000000
43.672227 4.065054 18.000000
43.672227 4.152627 7.000000
43.672227 4.240200 5.000000
43.672227 4.327773 38.000000
43.672227 4.415346 14.000000
43.672227 4.502919 2.000000
43.672227 4.590492 2.000000
43.672227 4.678065 40.000000
43.672227 4.765638 39.000000
43.672227 4.853211 55.000000
43.672227 4.940784 57.000000
43.584654 1.000000 218.000000
43.584654 1.087573 179.000000
43.584654 1.175146 230.000000
43.584654 1.262719 182.000000
43.584654 1.350292 154.000000
43.584654 1.437865 137.000000
43.584654 1.525438 153.000000
43.584654 1.613011 174.000000
43.584654 1.700584 219.000000
43.584654 1.788157 167.000000
43.584654 1.875730 243.000000
43.584654 1.963303 331.000000
43.584654 2.050876 277.000000
43.584654 2.138449 165.000000
43.584654 2.226022 175.000000
43.584654 2.313595 298.000000
43.584654 2.401168 428.000000
43.584654 2.488741 698.000000
43.584654 2.576314 727.000000
43.584654 2.663887 852.000000
43.584654 2.751460 802.000000
43.584654 2.839033 1066.000000
43.584654 2.926606 621.000000
43.584654 3.014178 405.000000
43.584654 3.101751 180.000000
43.584654 3.189324 394.000000
43.584654 3.276897 246.000000
43.584654 3.364470 154.000000
43.584654 3.452043 84.000000
43.584654 3.539616 74.000000
43.584654 3.627189 282.000000
43.584654 3.714762 114.000000
43.584654 3.802335 37.000000
43.584654 3.889908 15.000000
43.584654 3.977481 2.000000
43.584654 4.065054 -1.000000
43.584654 4.152627 2.000000
43.584654 4.240200 2.000000
43.584654 4.327773 1.000000
43.584654 4.415346 2.000000
43.584654 4.502919 2.000000
43.584654 4.590492 1.000000
43.584654 4.678065 3.000000
43.584654 4.765638 10.000000
43.584654 4.853211 21.000000
43.584654 4.940784 41.000000
43.497081 1.000000 226.000000
43.497081 1.087573 286.000000
43.497081 1.175146 218.000000
43.497081 1.262719 179.000000
43.497081 1.350292 159.000000
43.497081 1.437865 218.000000
43.497081 1.525438 155.000000
43.497081 1.613011 208.000000
43.497081 1.700584 246.000000
43.497081 1.788157 218.000000
43.497081 1.875730 221.000000
43.497081 1.963303 186.000000
43.497081 2.050876 222.000000
43.497081 2.138449 221.000000
43.497081 2.226022 355.000000
43.497081 2.313595 341.000000
43.497081 2.401168 226.000000
43.497081 2.488741 510.000000
43.497081 2.576314 604.000000
43.497081 2.663887 780.000000
43.497081 2.751460 353.000000
43.497081 2.839033 496.000000
43.497081 2.926606 355.000000
43.497081 3.014178 121.000000
43.497081 3.101751 197.000000
43.497081 3.189324 118.000000
43.497081 3.276897 90.000000
43.497081 3.364470 95.000000
43.497081 3.452043 18.000000
43.497081 3.539616 156.000000
43.497081 3.627189 106.000000
43.497081 3.714762 36.000000
43.497081 3.802335 3.000000
43.497081 3.889908 -8.000000
43.497081 3.977481 -23.000000
43.497081 4.065054 -17.000000
43.497081 4.152627 1.000000
43.497081 4.240200 0.000000
43.497081 4.327773 1.000000
43.497081 4.415346 0.000000
43.497081 4.502919 -2.000000
43.497081 4.590492 1.000000
43.497081 4.678065 1.000000
43.497081 4.765638 1.000000
43.497081 4.853211 5.000000
43.497081 4.940784 16.000000
43.409508 1.000000 257.000000
43.409508 1.087573 303.000000
43.409508 1.175146 221.000000
43.409508 1.262719 198.000000
43.409508 1.350292 253.000000
43.409508 1.437865 172.000000
43.409508 1.525438 191.000000
43.409508 1.613011 220.000000
43.409508 1.700584 171.000000
43.409508 1.788157 232.000000
43.409508 1.875730 258.000000
43.409508 1.963303 278.000000
43.409508 2.050876 559.000000
43.409508 2.138449 631.000000
43.409508 2.226022 723.000000
43.409508 2.313595 811.000000
43.409508 2.401168 888.000000
43.409508 2.488741 579.000000
43.409508 2.576314 773.000000
43.409508 2.663887 596.000000
43.409508 2.751460 583.000000
43.409508 2.839033 387.000000
43.409508 2.926606 153.000000
43.409508 3.014178 200.000000
43.409508 3.101751 99.000000
43.409508 3.189324 74.000000
43.409508 3.276897 69.000000
43.409508 3.364470 26.000000
43.409508 3.452043 16.000000
43.409508 3.539616 13.000000
43.409508 3.627189 -2.000000
43.409508 3.714762 1.000000
43.409508 3.802335 -16.000000
43.409508 3.889908 -32.000000
43.409508 3.977481 -39.000000
43.409508 4.065054 -39.000000
43.409508 4.152627 -36.000000
43.409508 4.240200 -29.000000
43.409508 4.327773 -18.000000
43.409508 4.415346 -18.000000
43.409508 4.502919 -14.000000
43.409508 4.590492 -38.000000
43.409508 4.678065 1.000000
43.409508 4.765638 1.000000
43.409508 4.853211 -2.000000
43.409508 4.940784 -12.000000
43.321935 1.000000 291.000000
43.321935 1.087573 307.000000
43.321935 1.175146 224.000000
43.321935 1.262719 258.000000
43.321935 1.350292 284.000000
43.321935 1.437865 205.000000
43.321935 1.525438 252.000000
43.321935 1.613011 222.000000
43.321935 1.700584 229.000000
43.321935 1.788157 273.000000
43.321935 1.875730 185.000000
43.321935 1.963303 162.000000
43.321935 2.050876 190.000000
43.321935 2.138449 220.000000
43.321935 2.226022 253.000000
43.321935 2.313595 285.000000
43.321935 2.401168 286.000000
43.321935 2.488741 237.000000
43.321935 2.576314 168.000000
43.321935 2.663887 118.000000
43.321935 2.751460 100.000000
43.321935 2.839033 156.000000
43.321935 2.926606 43.000000
43.321935 3.014178 32.000000
43.321935 3.101751 27.000000
43.321935 3.189324 37.000000
43.321935 3.276897 7.000000
43.321935 3.364470 13.000000
43.321935 3.452043 3.000000
43.321935 3.539616 1.000000
43.321935 3.627189 -30.000000
43.321935 3.714762 -33.000000
43.321935 3.802335 -52.000000
43.321935 3.889908 -74.000000
43.321935 3.977481 -80.000000
43.321935 4.065054 -77.000000
43.321935 4.152627 -65.000000
43.321935 4.240200 -52.000000
43.321935 4.327773 -48.000000
43.321935 4.415346 -33.000000
43.321935 4.502919 -46.000000
43.321935 4.590492 -5.000000
43.321935 4.678065 -10.000000
43.321935 4.765638 -22.000000
43.321935 4.853211 -13.000000
43.321935 4.940784 -57.000000
43.234362 1.000000 364.000000
43.234362 1.087573 251.000000
43.234362 1.175146 261.000000
43.234362 1.262719 320.000000
43.234362 1.350292 267.000000
43.234362 1.437865 303.000000
43.234362 1.525438 283.000000
43.234362 1.613011 241.000000
43.234362 1.700584 236.000000
43.234362 1.788157 311.000000
43.234362 1.875730 279.000000
43.234362 1.963303 268.000000
43.234362 2.050876 159.000000
43.234362 2.138449 134.000000
43.234362 2.226022 120.000000
43.234362 2.313595 122.000000
43.234362 2.401168 109.000000
43.234362 2.488741 129.000000
43.234362 2.576314 59.000000
43.234362 2.663887 49.000000
43.234362 2.751460 46.000000
43.234362 2.839033 21.000000
43.234362 2.926606 15.000000
43.234362 3.014178 10.000000
43.234362 3.101751 30.000000
43.234362 3.189324 16.000000
43.234362 3.276897 -1.000000
43.234362 3.364470 -20.000000
43.234362 3.452043 -20.000000
43.234362 3.539616 -37.000000
43.234362 3.627189 -47.000000
43.234362 3.714762 -71.000000
43.234362 3.802335 -87.000000
43.234362 3.889908 -92.000000
43.234362 3.977481 -89.000000
43.234362 4.065054 -88.000000
43.234362 4.152627 -84.000000
43.234362 4.240200 -79.000000
43.234362 4.327773 -66.000000
43.234362 4.415346 -51.000000
43.234362 4.502919 -58.000000
43.234362 4.590492 -70.000000
43.234362 4.678065 -68.000000
43.234362 4.765638 -86.000000
43.234362 4.853211 -99.000000
43.234362 4.940784 -103.000000
43.146789 1.000000 432.000000
43.146789 1.087573 350.000000
43.146789 1.175146 405.000000
43.146789 1.262719 274.000000
43.146789 1.350292 283.000000
43.146789 1.437865 257.000000
43.146789 1.525438 317.000000
43.146789 1.613011 282.000000
43.146789 1.700584 282.000000
43.146789 1.788157 375.000000
43.146789 1.875730 375.000000
43.146789 1.963303 362.000000
43.146789 2.050876 254.000000
43.146789 2.138449 254.000000
43.146789 2.226022 288.000000
43.146789 2.313595 157.000000
43.146789 2.401168 369.000000
43.146789 2.488741 196.000000
43.146789 2.576314 250.000000
43.146789 2.663887 185.000000
43.146789 2.751460 138.000000
43.146789 2.839033 43.000000
43.146789 2.926606 102.000000
43.146789 3.014178 5.000000
43.146789 3.101751 127.000000
43.146789 3.189324 -7.000000
43.146789 3.276897 -32.000000
43.146789 3.364470 -37.000000
43.146789 3.452043 -42.000000
43.146789 3.539616 -66.000000
43.146789 3.627189 -81.000000
43.146789 3.714762 -91.000000
43.146789 3.802335 -94.000000
43.146789 3.889908 -95.000000
43.146789 3.977481 -103.000000
43.146789 4.065054 -118.000000
43.146789 4.152627 -107.000000
43.146789 4.240200 -100.000000
43.146789 4.327773 -79.000000
43.146789 4.415346 -72.000000
43.146789 4.502919 -82.000000
43.146789 4.590492 -83.000000
43.146789 4.678065 -72.000000
43.146789 4.765638 -99.000000
43.146789 4.853211 -107.000000
43.146789 4.940784 -114.000000
43.059216 1.000000 325.000000
43.059216 1.087573 438.000000
43.059216 1.175146 463.000000
43.059216 1.262719 587.000000
43.059216 1.350292 332.000000
43.059216 1.437865 389.000000
43.059216 1.525438 497.000000
43.059216 1.613011 331.000000
43.059216 1.700584 419.000000
43.059216 1.788157 332.000000
43.059216 1.875730 344.000000
43.059216 1.963303 389.000000
43.059216 2.050876 448.000000
43.059216 2.138449 224.000000
43.059216 2.226022 189.000000
43.059216 2.313595 257.000000
43.059216 2.401168 346.000000
43.059216 2.488741 436.000000
43.059216 2.576314 218.000000
43.059216 2.663887 173.000000
43.059216 2.751460 311.000000
43.059216 2.839033 278.000000
43.059216 2.926606 101.000000
43.059216 3.014178 -55.000000
43.059216 3.101751 -14.000000
43.059216 3.189324 -34.000000
43.059216 3.276897 -42.000000
43.059216 3.364470 -54.000000
43.059216 3.452043 -71.000000
43.059216 3.539616 -81.000000
43.059216 3.627189 -99.000000
43.059216 3.714762 -87.000000
43.059216 3.802335 -88.000000
43.059216 3.889908 -97.000000
43.059216 3.977481 -83.000000
43.059216 4.065054 -97.000000
43.059216 4.152627 -90.000000
43.059216 4.240200 -85.000000
43.059216 4.327773 -85.000000
43.059216 4.415346 -89.000000
43.059216 4.502919 -111.000000
43.059216 4.590492 -89.000000
43.059216 4.678065 -96.000000
43.059216 4.765638 -101.000000
43.059216 4.853211 -105.000000
43.059216 4.940784 -120.000000
